20
 C -0.2374216  0.5914803 -0.0730011  12.00000 
 C -0.2058551 -0.8700766 -0.1164797  12.00000 
 C -0.3522918 -1.6567809  1.1961908  12.00000 
 H -0.6643945 -1.1224107  2.1945246   1.00783 
 H  0.5400040 -2.3181447  1.3099525   1.00783 
 H -1.1131793 -2.3944243  1.1669894   1.00783 
 C -0.4160506 -1.6983141 -1.3512287  12.00000 
 H -1.2529961 -2.5589399 -1.3727951   1.00783 
 H  0.5435879 -2.3135513 -1.3788525   1.00783 
 H -0.3124447 -1.1111257 -2.2734200   1.00783 
 C -0.0886115  1.4281861 -1.3332066  12.00000 
 H  1.0271331  1.5785716 -1.5786031   1.00783 
 H -0.5375480  2.5321334 -1.1889109   1.00783 
 H -0.6415373  1.0371292 -2.2358642   1.00783 
 C -0.2440448  1.4064555  1.1899499  12.00000 
 H  0.9630240  1.4512545  1.4593052   1.00783 
 H -0.8406630  1.0245349  2.0720254   1.00783 
 H -0.7321563  2.5086023  0.9290151   1.00783 
Br  3.3587133  0.0857164  0.0288187  78.91834 
Br -2.9818817  0.0571758  0.0565854  78.91834 
 0.00837054  0.00892587  0.00946651 
-0.00321919 -0.01583200 -0.00796683 
-0.00212684  0.01430990 -0.01120211 
-0.00272347  0.04499052  0.03066029 
 0.07467303 -0.02037337  0.01820205 
-0.02950847 -0.00104776 -0.01699582 
 0.00174943 -0.00486996 -0.00764614 
-0.04443557  0.01874871  0.02178344 
 0.01436992  0.05023750  0.00999366 
-0.04049594 -0.05935264 -0.00532834 
-0.01166026  0.00269116  0.00151753 
 0.04750860  0.01995318 -0.03357509 
 0.00535112 -0.05627809  0.02758101 
 0.04798421  0.04924714  0.07790870 
-0.00907464 -0.00153284 -0.00793810 
-0.04281207  0.02054380 -0.04601153 
 0.02353489 -0.02118775 -0.05261901 
-0.00869062  0.03536064  0.02198455 
-0.02326953 -0.00109779  0.00132068 
-0.00147750 -0.00049645  0.00160834 
0.209340    0.087278      24     1.0509e+13        0.000000 -1
0.447701    0.316127      61    -8.9822e+12        0.000000 -1
0.798195   -0.066750     165     8.3216e+12        0.000000 -1
0.889386    0.217185      24    -1.7346e+13        1.095126 -1
0.023109    0.541042       0     4.1416e+12        0.351762 -1
0.927034    0.121685       9     2.8218e+13        0.314774 -1
0.881570   -0.679639       5    -1.0521e+13       -0.591663 -1
0.270003   -0.696171       0    -5.9632e+12       -0.231264 -1
0.835801   -0.261322       2     2.4913e+13       -0.240306 -1
0.850580   -0.733036       2     1.8225e+13       -0.667417 -1
0.682669    0.993251       1     1.7821e+12        0.445362 -1
0.497817   -0.034875       0     1.4332e+13       -0.007571 -1
0.973964    0.295615       2     2.6459e+13        0.122828 -1
0.613793    0.868115       0    -6.9164e+12        0.176207 -1
0.842972    0.910468       0     6.1159e+12        0.159529 -1
0.933948   -0.049275       1    -2.3126e+13       -0.012883 -1
0.235025   -0.389844       0    -1.4529e+13       -0.068477 -1
0.773838    0.620327       0    -1.2158e+13        0.074319 -1
0.156390   -0.211386       0     2.0137e+13       -0.026017 -1
0.870813   -0.218409       0    -2.8210e+13       -0.036779 -1
0.790729    0.838135       0     1.5702e+13        0.140241 -1
0.391100   -0.808612       0    -1.7502e+13       -0.127812 -1
0.138310   -0.587237       0     2.4723e+13       -0.093763 -1
0.166631    0.190344       0    -2.7628e+13        0.027374 -1
0.854094    0.835111       0    -1.5437e+13        0.117548 -1
0.736164    0.924356       0    -1.1107e+13        0.131846 -1
0.488387    0.124048       0    -2.7182e+13        0.014962 -1
0.987369   -0.395282       0     1.8423e+13       -0.034436 -1
0.734498   -0.828331       0    -1.3866e+13       -0.082051 -1
0.147468   -0.237366       0     2.3163e+13       -0.022026 -1
0.138675   -0.464378       0     3.3795e+13       -0.066933 -1
0.237231   -0.214579       0     3.5809e+13       -0.029693 -1
0.991970    0.491384       0    -3.3152e+13        0.070120 -1
0.428416   -0.367737       0     3.5804e+13       -0.052689 -1
0.043884    0.618153       0    -3.2134e+13        0.092303 -1
0.760525   -0.369214       0    -3.8161e+13       -0.054851 -1
0.653172    0.418002       0    -3.4441e+13        0.057008 -1
0.574769   -0.464090       0     3.6268e+13       -0.068122 -1
0.555920   -0.014787       0     4.0706e+13       -0.002127 -1
0.184771   -0.666224       0     3.0158e+13       -0.095046 -1
0.536918    0.358666       0    -3.7729e+13        0.050693 -1
0.902875    0.826858       0     2.2526e+13        0.113223 -1
0.447748   -0.354862       0     5.4981e+13       -0.036376 -1
0.793615    0.123288       0    -5.8351e+13        0.012627 -1
0.434655    0.819453       0    -3.3705e+13        0.083844 -1
0.682555    0.369544       0     5.4632e+13        0.037757 -1
0.963777    0.354622       0     5.5038e+13        0.035347 -1
0.936575    0.292839       0    -5.6283e+13        0.029160 -1
0.338853    0.253466       0    -5.7130e+13        0.025258 -1
0.088251    0.847629       0    -3.1344e+13        0.084366 -1
0.711629   -0.996129       0    -5.1785e+12       -0.097203 -1
0.740952    0.558934       0     4.8823e+13        0.054465 -1
0.856818    0.706829       0     4.1959e+13        0.069001 -1
0.887939    0.453205       0     5.2830e+13        0.044186 -1
temp  298.15
initialDis 2
classical 0
timestep 1E-15
numimag 0
Total mode energy desired= 114.366
KE initial from modes= 80.050    KE initial total= 130.068
cannonball 50   cannon Energy= 50.018
Gaussian zpe= 0.164596 or 103.285471 kcal/mol  E + zpe= -5379.068655   potential E= -5379.233251

