20
 C -0.4301147  0.5495223  0.1058554  12.00000 
 C -0.4328346 -0.9189818  0.0245993  12.00000 
 C -0.4700596 -1.6429806  1.3008540  12.00000 
 H -0.6984438 -1.1248952  2.2305731   1.00783 
 H  0.5369295 -2.0717715  1.4916007   1.00783 
 H -1.1930258 -2.4697278  1.2439380   1.00783 
 C -0.4401716 -1.6998144 -1.1890555  12.00000 
 H -1.2597470 -2.4732301 -1.1078371   1.00783 
 H  0.4764185 -2.3696031 -1.0966949   1.00783 
 H -0.3987070 -1.2267825 -2.1606689   1.00783 
 C -0.1803482  1.3493379 -1.1700575  12.00000 
 H  0.9324593  1.3913771 -1.1746067   1.00783 
 H -0.6820981  2.3860981 -1.2846285   1.00783 
 H -0.3899046  0.7739458 -2.2588589   1.00783 
 C -0.3818108  1.2937549  1.3252040  12.00000 
 H  0.5965595  1.4768414  1.5400838   1.00783 
 H -0.9492017  0.7843228  2.2153764   1.00783 
 H -0.9113147  2.3132595  1.1827195   1.00783 
Br  3.2989151  0.1011627 -0.0420141  78.91834 
Br -2.7900581  0.0946062 -0.0291068  78.91834 
 0.00246132  0.01310151  0.00573951 
-0.01108977 -0.00878994  0.00695293 
 0.00151727  0.00916085  0.00023882 
 0.01910029 -0.03475890 -0.07650294 
-0.02475910  0.01458384 -0.00827171 
-0.00109110  0.02622165 -0.06287568 
-0.00486756 -0.00770748 -0.00403110 
-0.01550190  0.03853418  0.04862427 
 0.02141919  0.01353405 -0.01021811 
 0.00829733  0.04039953  0.00136422 
-0.00265400 -0.01389955  0.00871214 
-0.02095904 -0.01888807 -0.00741291 
-0.03225796  0.05541369 -0.04781446 
 0.02906080  0.01463495 -0.01049910 
-0.00524421  0.00767195  0.00776516 
-0.06828829 -0.02150706 -0.02660607 
-0.02062358 -0.02021171 -0.11089595 
 0.04717352 -0.04817256  0.00095655 
-0.03260064 -0.00030418 -0.00014880 
 0.00255864 -0.00038745  0.00025068 
0.315070    0.573669      39     1.3397e+13        0.000000 -1
0.086514   -0.091581       9    -3.4501e+12        0.000000 -1
0.676299   -0.002186     116     6.9774e+12        0.000000 -1
0.181158    0.753986       2    -3.7289e+12        1.214462 -1
0.131579   -0.558625       0     4.0846e+12       -0.363193 -1
0.302731   -0.660679       1    -8.4801e+12       -0.679103 -1
0.874064    0.307049       4     1.2347e+13        0.241785 -1
0.720077   -0.481092       1    -1.2613e+13       -0.276809 -1
0.415383    0.709213       0    -8.1375e+12        0.291663 -1
0.066183    0.184610       0     1.1777e+13        0.075170 -1
0.386667    0.412227       0     8.0822e+12        0.106716 -1
0.511964   -0.885117       0     6.6736e+12       -0.192152 -1
0.600468    0.566645       0    -1.0206e+13        0.105292 -1
0.654910    0.070544       0    -1.3899e+13        0.014319 -1
0.036523   -0.821181       0    -8.4389e+12       -0.143885 -1
0.563673   -0.496043       0    -1.1607e+13       -0.074876 -1
0.036851    0.141044       0     1.5620e+13        0.024775 -1
0.353899   -0.772206       0    -9.8489e+12       -0.092515 -1
0.814014    0.160739       0     2.0335e+13        0.019783 -1
0.483885    0.461975       0     2.5638e+13        0.077794 -1
0.729473    0.484919       0    -2.5175e+13        0.081139 -1
0.356290    0.775875       0    -1.8767e+13        0.122637 -1
0.567256   -0.569908       0    -2.5098e+13       -0.090996 -1
0.458983   -0.097019       0    -2.8010e+13       -0.013953 -1
0.284177   -0.049433       0    -2.8028e+13       -0.006958 -1
0.297428    0.373759       0    -2.7003e+13        0.053311 -1
0.299676   -0.632067       0    -2.1228e+13       -0.076239 -1
0.470294    0.485457       0     1.7534e+13        0.042292 -1
0.009708   -0.735385       0    -1.6772e+13       -0.072844 -1
0.462760    0.172795       0     2.3486e+13        0.016034 -1
0.813260   -0.141423       0    -3.7775e+13       -0.020384 -1
0.812958   -0.212089       0     3.5829e+13       -0.029348 -1
0.348020    0.162919       0    -3.7555e+13        0.023249 -1
0.817595   -0.284473       0     3.6911e+13       -0.040759 -1
0.129539   -0.746897       0    -2.7183e+13       -0.111527 -1
0.891321   -0.299807       0    -3.9173e+13       -0.044540 -1
0.141328   -0.095328       0     3.7739e+13       -0.013001 -1
0.955848    0.155584       0     4.0446e+13        0.022838 -1
0.400372   -0.179005       0    -4.0053e+13       -0.025746 -1
0.161539    0.074760       0     4.0326e+13        0.010666 -1
0.854279    0.186044       0    -3.9712e+13        0.026295 -1
0.020889    0.811888       0    -2.3383e+13        0.111173 -1
0.758642    0.435717       0     5.2932e+13        0.044664 -1
0.813738   -0.197261       0     5.7644e+13       -0.020203 -1
0.648981   -0.339236       0    -5.5320e+13       -0.034710 -1
0.701643   -0.439532       0    -5.2810e+13       -0.044908 -1
0.486319    0.078201       0    -5.8683e+13        0.007795 -1
0.725176   -0.031636       0     5.8834e+13       -0.003150 -1
0.039228    0.939239       0     2.0273e+13        0.093594 -1
0.809790    0.915639       0    -2.3748e+13        0.091135 -1
0.834972   -0.649208       0     4.4811e+13       -0.063350 -1
0.560952   -0.985683       0     9.9276e+12       -0.096048 -1
0.842375   -0.129907       0    -5.8813e+13       -0.012682 -1
0.380021   -0.498277       0     5.1385e+13       -0.048580 -1
temp  298.15
initialDis 2
classical 0
timestep 1E-15
numimag 0
Total mode energy desired= 105.883
KE initial from modes= 78.039    KE initial total= 178.134
cannonball 100   cannon Energy= 100.095
Gaussian zpe= 0.164596 or 103.285471 kcal/mol  E + zpe= -5379.068655   potential E= -5379.233251

